%YAML:1.0

model_type: KANNALA_BRANDT
camera_name: front_camera
image_width: 770
image_height: 540

projection_parameters:
   k2: -0.07937700
   k3:  0.02228435
   k4: -0.03852023
   k5:  0.01346873
   mu:  456.338746
   mv:  455.802909
   u0:  416.840479
   v0:  278.029056